10224398
10233822
10251279
10253055
10258535
10260743
10262816
10267447
10273845
10282877
10284765
10294408
10295287
10296106
10299173
10313959
10313970
10320800
10326580
10350687
10355111
10364485
10364896
10377866
10393290
10413270
10444225
10451935
10461738
10479725
10488623
10489773
10494242
10502527
10511715
10512779
10513842
10519839
10528430
10529244
10531714
10535489
10536251
10545774
10549284
10551451
10564643
10566879
10567758
10648151
10648685
10650823
10662868
10667222
10694617
10697222
10713282
10716978
10718640
10720250
10720681
10727647
10728401
10735844
10736803
10740836
10747985
10751650
10751989
10756132
10757169
10760180
10760807
10769499
10770083
10772420
10773117
10776450
10799492
10811747
10817904
10818274
10819179
10824220
10840314
10847112
10848778
10849670
10850563
10853019
10859846
10865400
10871101
10876538
10878864
10887927
10893885
10897842
10898474
10910691
10911313
10922354
10923232
10931523
10936386
10940606
10943189
10948899
10952844
10953058
10962220
10963071
10963148
10965187
10966919
10986522
11006026
11015210
11018104
11018172
11028511
11028981
11037479
11041561
11048610
11052175
11056249
11057429
11060009
11094508
11094524
11105917
11108224
11113768
11118483
11126355
11126868
11129381
11133048
11149127
11169523
11170555
11175785
11184465
11187030
11187712
11212719
11225579
11232566
11239349
11240856
11261181
11266256
11278763
11293111
11302771
11316170
11317653
11317836
11318421
11323298
11327103
11336391
11342667
11354654
11360257
11362816
11364454
11365204
11369034
11374927
11381289
11383093
11383203
11386983
11396295
11403032
11404502
11408542
11415071
11415289
11418186
11419743
11422987
11431417
11443672
11458946
11473600
11473635
11475883
11477316
11484597
11486687
11489280
11493969
11497940
11499290
11500715
11501057
11503145